56d34db940aee082b558c4ffd2814806b947b1c3b04acace98c5152b8ba9a646 16 16 11807 637
87d2d5c86d61de353dce402e40596f9e2c0abcff1859c4e2c189429199ccfc67 5 5 822 0
67903e6bed934f307a84823130a33a310874134e8b2c23d7bb8d6cd46c6d58f4 2 2 722 3
c48243eac7843422bd85437a5d252c871f4bbefdfca2e96c3e302e22a8b71a7b 1 1 380 0
aa27e9b3550ca2c4d525e42700133f4dbceb3476e5131e76e5b4873300acf09a 6 6 20779 667
3d842ae46b52ebed9336ac6f47e30d95e27a3b5cf54541820c913e69de19beee 3 3 1534 81
220e16c91ba6f6f1ac7d5ea7c94b2814b6ecec76f8de3fbe4c7181b7d2d82a86 3 3 1941 647
045b90110f5275ab6b47346c0e3ebcfa9223eb5ec18e9e43ab0cf6d8e1f6aa3a 2 2 671 2
5a2ccabd7e1e9aceb499e5629d9e9ad0caf7551c44f94e92f950d47e64e35013 38 4 1831 699
2b48031e6388508033b8a43fe6996525736935a2e8d7275c928ee03e1b48591d 28 11 1648302 169441
222e6331c45c12d3528a56f958019684579705b5d86105c02033df472fa12810 17 2 943 555
794dfbd14de6438af045aa914e726f1117019dee513342d8a9a1ffbeb4c85ac3 10 10 14853 1181
d3d25e0b95a53ae9041e9e91ff3e6d9c858924bbff371b7c823e46cd6aa15efb 41 0 0 0
542b3a5ee36dd336ed8b05c43f58384df9bb3eea07a4ce3c5ec6939c9a65de52 22 0 0 0
41de94508a0df980ee241f1787e88381bd547a42be06048517e7d702075e04a1 8 8 6750 131
6ac613b1b052a5deac86897fac1f2730cdb13c6e2a63dbf13a0d01f036b4e173 10 7 13527 495
acb2e66240f5b48ace97ff66fcb064bee6c2b9cc5be8c1e555741aff79227739 19 19 14219 360
cbc2ad8b39e01d13c841bb45476f12277832b50000660683ee23c530dc3b8baf 6 6 13794 377
af9da491ff724bbf022f997123256231b011fb4a1deb98bd15a0ba65bf28e4c4 2 2 12176 10
aea11a0c09f05f574a13ab89736fef245c8c78c8d44a32141ca6b1a1c8be9809 1 1 13981 0
48106081e2e2b362a3c265897a6f9be311f3e2ab5d8f5b89c01194386fa00592 2 2 11250 27
228d0db76799aae874bfcb86fd242b7caeb33469bc5a57193a4fdc563e867af6 1 0 0 0
6b9dfd21f4431d3ce59db4bb6dec01d80d359100daf317bfe3d3b5196a8f0d64 4 4 2519 1093
d8179726fc4929add6ea6271f4f4786d56b35e6efd360a426e0014ce4771ac17 1 1 47 0
3b19b4f7db4b50d8a6c60a130048231a17328543d552c86a399d009d87700d93 1 1 1474 0
9cd96569b4506c1577cb18b22b89573067211d91bc15403057ff58ddafe10e67 7 7 14440 1282
44dd2e01c824ffdaab71e36813f6d6983972241aca3ee6ddb77e222e0ca32f04 2 0 0 0
1d0fe9464502046840480a3f4cba8fc07ab149c8482539488b22f2fcfd332fb4 1207 62 3127 2405
30a99bc0fb6f7c8698d16ae773c8900f963d3ede62146325d25867a9d0c1c6d7 2 0 0 0
